0,458
0,457
0,456
0,455
0,454
0,453
0,452
0,451
0,450
0,449
0,448
0,447
0,446
0,445
0,444
0,443
0,442
58,4
58,3
58,2
0,441
58,1
58,0
0,440
0,439
0,438
0,437
0,436
0,435
0,434
0,433
0,432
0,431
0,430
0,429
0,428
0,427
0,426
0,425
0,424
0,423
57,4
57,3
57,2
57,1
57,0
0,422
47,2
47,0
0,421
56,5
56,4
56,3
56,2
56,1
56,0
55,4
55,3
55,2
55,1
55,0
54,3
54,2
54,1
54,0
0,278
53,3
53,2
53,1
53,0
52,3
52,2
0,9
52,1
52,0
51,52
51,51
51,50
51,49
51,48
51,47
51,46
51,45
51,44
51,43
51,42
51,41
51,40
51,39
51,38
51,37
51,36
51,35
3,2
3,1
3,3
10,248
10,186
10,188
10,192
10,6
10,24
10,118
10,2
10,3
11,14
11,13
